17.032	0
60.926	511
60.941	546
61.255	8738
61.326	14480
67.436	15928
67.570	17376
67.938	18824
68.260	20272
68.568	21720
68.866	23168
69.201	24616
69.528	26064
69.840	27512
70.094	28960
89.713	30408
89.913	31856
90.688	33304
90.947	34752
100.101	36200
100.358	37648
100.681	39096
101.082	40544
101.361	41992
101.657	43440
101.929	44888
102.242	46336
102.587	47784
103.806	49232
104.142	50680
104.413	52128
104.738	53576
105.571	55024
105.891	56472
106.199	57920
106.989	59368
107.293	60816
116.739	62264
116.963	63712
117.314	65160
117.586	66608
117.930	68056
118.674	69504
133.708	70952
134.020	72400
134.298	73848
134.612	75296
134.881	76744
135.193	78192
135.508	79640
135.835	81088
136.116	82536
136.436	83984
137.141	85432
137.435	86880
137.822	88328
138.083	89776
138.395	91224
139.367	92672
139.691	94120
139.989	95568
140.301	97016
140.863	98464
150.534	99912
150.662	101360
151.046	102808
151.345	104256
151.676	105704
153.787	107152
167.756	108600
167.878	110048
168.296	111496
168.598	112944
168.914	114392
169.212	115840
169.584	117288
169.823	118736
170.217	120184
170.462	121632
170.842	123080
171.118	124528
171.452	125976
171.703	127424
172.066	128872
174.350	130320
175.058	131768
175.446	133216
185.879	136112
186.224	137560
186.606	139008
186.816	140456
187.581	141904
187.912	143352
188.138	144800
188.543	146248
188.774	147696
189.211	149144
189.381	150592
189.865	152040
190.725	153488
191.065	154936
191.892	156384
201.239	157832
201.466	159280
204.723	162176
207.734	165072
217.272	167968
223.906	169416
224.783	170864
233.635	173760
233.917	175208
234.340	176656
234.564	178104
234.989	179552
235.136	181000
235.647	182448
235.794	183896
236.224	185344
236.780	186792
237.112	188240
237.317	189688
237.761	191136
237.930	192584
238.371	194032
238.578	195480
239.363	196928
239.577	198376
239.917	199824
240.181	201272
240.544	202720
240.809	204168
241.148	205616
250.362	207064
250.596	208512
250.834	209960
251.011	210285
