16.601	0
49.837	511
49.846	546
50.068	2896
50.280	4344
50.576	5792
50.894	7240
51.223	8688
51.540	10136
51.854	11584
52.146	13032
52.461	14480
69.353	15928
69.822	17376
70.109	18824
70.913	20272
71.225	21720
71.805	23168
72.126	24616
72.789	26064
73.107	27512
73.831	28960
74.160	30408
74.906	31856
87.357	33304
87.622	34752
87.954	36200
88.907	37648
89.225	39096
90.003	40544
90.342	41992
90.646	43440
91.510	44888
100.311	46336
100.566	47784
166.675	55976
166.723	64168
166.787	72360
166.841	80552
166.892	88744
166.942	96936
166.992	105128
167.044	113320
167.093	121512
167.143	121632
172.358	123080
173.091	124528
173.755	125976
174.197	127424
175.146	128872
183.095	130320
187.651	131768
188.189	133216
188.581	134664
189.479	136112
190.011	137560
190.989	139008
199.771	140456
200.734	141904
201.074	143352
202.080	144800
202.609	146248
202.948	147696
204.017	149144
204.523	150592
205.131	152040
205.573	153488
206.029	154936
207.140	156384
207.486	157832
207.898	159280
216.889	160728
217.432	162176
218.039	163624
218.465	165072
219.515	166520
219.884	167968
220.562	169416
221.042	170864
221.415	172312
222.026	173760
222.787	175208
223.449	176656
223.869	178104
224.473	179552
224.926	181000
233.471	182448
233.839	183896
234.482	185344
235.072	186792
235.718	188240
236.223	189688
236.813	191136
237.173	192584
237.606	194032
238.306	195480
238.704	196928
239.747	198376
240.108	199824
240.680	201272
241.074	202720
250.013	204168
250.528	205616
250.902	207064
251.417	208512
251.768	209960
252.268	210285
