17.153	0
39.663	511
39.677	546
39.994	2896
40.103	4344
40.449	5792
41.098	7240
41.659	8299
49.906	9747
50.162	11195
50.459	12643
50.778	14091
57.397	15539
57.646	16987
58.510	18435
66.942	19883
67.224	21331
67.494	22779
72.327	24227
72.541	25675
73.253	27123
73.550	28571
74.121	30019
74.432	31467
75.057	32915
83.286	34363
83.572	35811
83.896	37259
84.193	38707
84.505	40155
84.814	41603
85.498	43051
85.816	44499
86.120	45947
86.442	47395
86.782	48843
87.070	50291
87.408	51739
87.711	53187
88.034	54635
89.579	56083
89.813	57531
90.167	58979
90.440	60427
91.190	61875
100.619	63323
105.453	64771
105.717	66219
106.452	67667
106.740	69115
107.365	70563
107.651	72011
108.621	73459
116.932	74907
117.267	76355
117.535	77803
117.848	79251
118.161	80699
118.477	82147
118.791	83595
119.949	85043
120.230	86491
121.245	87939
121.550	89387
121.864	90835
123.849	92283
124.684	93731
125.004	95179
125.294	96627
133.951	98075
134.250	99523
134.565	100971
134.894	102419
135.161	103867
135.440	105315
135.768	106763
136.061	108211
136.397	109659
137.263	111107
137.584	112555
137.938	114003
138.238	115451
138.512	116899
139.408	118347
139.778	119795
140.128	121243
140.348	122691
140.751	124139
141.030	125587
141.307	127035
150.009	128483
150.247	129931
150.602	131379
150.951	132827
151.143	134275
151.598	135723
151.764	137171
152.281	138619
152.428	140067
152.833	141515
153.186	142963
153.533	144411
153.765	145859
158.626	147307
166.630	148755
166.984	150203
167.188	151651
167.602	153099
167.811	154547
168.253	155995
168.423	157443
168.864	158891
169.066	160339
169.488	161787
170.337	163235
170.689	164683
170.899	166131
171.247	167579
171.508	169027
171.846	170475
188.899	171923
189.245	173371
189.455	174819
189.893	176267
190.797	177715
191.052	179163
200.384	180611
200.759	182059
201.033	183507
201.366	184955
201.658	186403
201.953	187851
202.233	189299
202.666	190747
202.956	192195
203.252	193643
203.745	195091
204.067	196539
204.362	197987
204.692	199435
204.956	200883
205.281	202331
205.577	203779
205.909	205227
206.205	206675
207.830	208123
217.313	209571
217.511	210285
