16.605	0
49.380	511
49.389	546
49.575	2896
49.932	4344
50.441	5792
51.194	7240
59.640	8688
61.031	10136
61.344	11584
61.814	13032
62.943	14480
66.827	15928
67.346	17376
80.197	18824
80.480	20272
81.445	21720
81.816	23168
82.227	24616
82.688	26064
83.258	27512
83.690	28960
92.981	30408
93.885	31856
94.352	33304
94.722	34752
95.106	36200
95.891	37648
96.296	39096
96.719	40544
97.060	41992
97.739	43440
98.233	44888
98.595	46336
99.589	47784
99.964	49232
100.360	50680
101.361	52128
109.478	53576
109.934	55024
110.483	56472
110.889	57920
111.447	59368
111.830	60816
112.420	62264
113.487	63712
113.844	65160
114.246	66608
114.794	68056
115.128	69504
115.623	70952
116.007	72400
116.580	73848
117.044	75296
118.140	76744
126.393	78192
126.792	79640
127.209	81088
127.631	82536
127.974	83984
128.359	85432
128.718	86880
129.181	88328
129.749	89776
130.310	91224
130.693	92672
131.149	94120
131.726	95568
132.205	97016
132.951	98464
226.666	106656
226.846	114848
226.894	123040
226.988	131232
227.079	139424
227.169	147616
227.254	155808
227.389	156384
227.931	157832
228.388	159280
228.820	160728
229.260	162176
230.204	163624
230.460	165072
230.945	166520
231.360	167968
231.984	169416
232.534	170864
233.534	172312
248.720	173760
249.079	175208
249.563	176656
249.879	178104
250.366	179552
250.757	181000
251.181	182448
259.954	183896
260.500	185344
260.944	186792
261.443	188240
262.061	189688
262.780	191136
263.220	192584
263.583	194032
264.039	195480
264.583	196928
265.017	198376
265.268	199824
265.982	201272
266.542	202720
280.294	204168
280.460	205616
280.978	207064
281.317	208512
282.042	209960
282.122	210285
