16.738	0
40.689	511
40.697	546
40.919	1448
48.778	2896
49.002	4344
49.300	5792
49.614	7240
49.869	8299
50.258	9747
50.534	11195
50.844	12643
51.152	14091
69.368	15539
69.658	16987
69.977	18435
70.279	19883
70.627	21331
70.923	22779
71.248	24227
71.543	25675
71.899	27123
72.191	28571
73.022	30019
73.279	31467
82.277	32915
82.524	34363
82.851	35811
83.151	37259
83.508	38707
83.779	40155
84.117	41603
84.360	43051
89.155	44499
91.627	48843
98.886	50291
99.003	51739
99.360	53187
99.798	54635
100.039	56083
100.346	57531
100.649	58979
101.332	60427
101.628	61875
101.940	63323
102.244	64771
102.973	66219
103.391	67667
104.484	69115
104.631	70563
105.075	72011
105.303	73459
105.911	74907
106.097	76355
115.668	77803
115.829	79251
116.273	80699
119.346	82147
119.699	83595
120.469	85043
120.646	86491
121.068	87939
121.290	89387
122.189	90835
122.406	92283
123.001	93731
123.364	95179
123.898	96627
132.118	98075
132.306	99523
132.736	100971
132.970	102419
133.365	103867
133.575	105315
134.015	106763
134.184	108211
134.627	109659
134.815	111107
135.349	112555
136.131	114003
136.475	115451
138.966	116899
139.903	118347
140.801	119795
148.838	121243
149.065	122691
149.473	124139
149.807	125587
149.998	127035
150.389	128483
150.661	129931
151.011	131379
151.337	132827
151.593	134275
152.025	135723
153.915	137171
154.276	138619
154.501	140067
154.859	141515
155.142	142963
155.472	144411
155.743	145859
156.117	147307
156.426	148755
157.310	150203
165.379	151651
165.739	153099
171.046	155995
171.422	157443
171.704	158891
172.117	160339
172.333	161787
172.764	163235
172.960	164683
173.422	166131
174.030	167579
182.496	170475
182.771	171923
183.175	173371
183.485	174819
183.725	176267
184.171	177715
184.342	179163
184.792	180611
184.965	182059
185.494	183507
185.712	184955
186.146	186403
186.313	187851
186.790	189299
186.964	190747
187.369	192195
188.438	193643
188.704	195091
189.093	196539
189.324	197987
189.678	199435
189.965	200883
198.820	202331
199.194	203779
199.420	205227
199.917	206675
200.115	208123
200.553	210285
