20.648	0
51.585	511
51.594	546
51.810	2896
52.003	4344
52.279	5792
53.074	7240
53.351	8688
54.011	10136
54.770	11584
55.080	13032
55.395	14480
83.218	15928
83.433	17376
83.760	18824
84.052	20272
84.393	21720
84.699	23168
86.064	24616
86.297	26064
87.039	27512
87.300	28960
88.642	30408
88.914	31856
91.007	33304
91.312	34752
92.024	36200
100.091	37648
100.487	39096
100.758	40544
101.097	41992
101.404	43440
123.023	44888
123.316	46336
124.445	47784
125.491	49232
133.562	50680
133.851	52128
134.178	53576
134.511	55024
134.786	56472
135.159	57920
135.414	59368
135.764	60816
136.090	62264
136.371	63712
138.140	65160
138.513	66608
138.745	68056
139.092	69504
139.371	70952
139.683	72400
150.042	73848
150.285	75296
150.619	76744
150.951	78192
151.222	79640
151.561	81088
166.959	82536
167.296	83984
168.135	85432
168.416	86880
168.755	88328
169.039	89776
175.027	91224
183.469	92672
183.789	94120
184.073	95568
184.415	97016
184.700	98464
185.028	99912
185.370	101360
185.638	102808
186.039	104256
186.404	105704
187.168	107152
187.442	108600
188.520	110048
188.845	111496
189.481	112944
189.824	114392
190.663	115840
199.915	117288
200.255	118736
200.524	120184
201.315	121632
202.151	123080
202.485	124528
220.889	125976
221.155	127424
222.024	128872
222.339	130320
222.600	131768
222.939	133216
233.842	136112
234.104	137560
234.563	139008
235.427	140456
235.700	141904
236.049	143352
236.409	144800
236.569	146248
237.061	147696
237.208	149144
237.640	150592
237.840	152040
238.879	153488
239.045	154936
239.515	156384
239.685	157832
240.120	159280
240.309	160728
240.755	162176
250.232	165072
250.972	166520
251.246	167968
252.433	169416
253.063	170864
266.992	173760
267.255	175208
267.745	176656
267.940	178104
268.303	179552
270.084	181000
271.098	182448
274.473	183896
275.257	185344
283.399	186792
284.253	188240
284.526	189688
284.847	191136
285.150	192584
285.440	194032
285.777	195480
286.064	196928
286.403	198376
286.693	199824
287.030	201272
288.169	202720
288.993	204168
289.365	205616
302.872	210285
