16.578	0
41.561	511
41.570	546
41.722	1448
50.912	2896
51.120	4344
51.469	5792
51.699	7240
52.119	8688
52.316	10136
53.477	11584
53.673	13032
54.079	14480
67.138	15928
67.369	17376
69.524	18824
69.742	20272
70.290	21720
75.681	29912
75.804	33304
88.291	34752
88.625	36200
88.896	37648
90.310	39096
90.608	40544
90.897	41992
91.223	43440
91.954	44888
100.098	46336
100.353	47784
100.665	49232
100.971	50680
101.314	52128
101.602	53576
101.975	55024
106.431	56472
107.810	57920
108.583	59368
116.743	60816
118.955	62264
119.261	63712
119.582	65160
119.890	66608
120.433	68056
122.158	69504
122.476	70952
122.782	72400
125.326	73848
133.380	75296
133.733	76744
134.008	78192
134.334	79640
135.099	81088
135.420	82536
135.728	83984
136.049	85432
136.355	86880
136.709	88328
136.984	89776
137.309	91224
137.610	92672
137.931	94120
140.285	95568
140.566	97016
140.879	98464
141.192	99912
142.061	101360
151.190	102808
151.457	104256
151.810	105704
152.085	107152
152.776	108600
153.119	110048
153.406	111496
153.812	112944
154.139	114392
154.354	115840
154.808	117288
154.962	118736
155.993	120184
156.158	121632
156.606	123080
156.805	124528
157.239	125976
157.415	127424
157.883	128872
166.875	130320
167.122	131768
167.325	133216
167.746	134664
168.019	136112
168.382	137560
168.607	139008
169.006	140456
169.213	141904
169.632	143352
171.089	144800
171.275	146248
172.050	147696
172.365	149144
172.681	150592
172.935	152040
173.329	153488
173.517	154936
173.978	156384
187.857	159280
188.184	160728
188.587	162176
188.798	163624
190.009	165072
190.710	166520
190.925	167968
200.258	169416
200.523	170864
200.762	172312
201.133	173760
201.841	175208
202.104	176656
206.262	179552
206.498	181000
206.935	182448
207.498	183896
207.766	185344
208.692	186792
216.945	189688
217.221	191136
217.634	192584
217.897	194032
219.077	195480
219.479	196928
219.694	198376
220.113	199824
220.904	201272
221.111	202720
221.596	204168
221.923	205616
222.382	207064
222.699	208512
223.629	210285
