16.900	0
48.035	511
48.044	619
48.227	2896
48.575	4344
48.873	5792
49.931	7240
50.157	8688
50.801	10136
51.163	11584
51.721	13032
52.054	14480
67.137	15928
67.395	20272
67.715	21720
68.052	23168
68.707	24616
69.002	26064
69.602	27512
69.911	28960
70.744	30408
71.013	31856
71.614	33304
71.917	34752
72.696	36200
73.067	37648
73.656	39096
73.973	40544
74.523	41992
74.909	43440
83.150	44888
85.482	46336
85.902	47784
87.546	49232
87.821	50680
89.578	52128
89.828	53576
91.095	55024
91.751	56472
92.049	57920
92.891	59368
93.210	60816
93.570	62264
93.910	63712
102.600	65160
102.947	66608
103.169	68056
103.779	69504
104.094	70952
104.710	72400
105.044	73848
105.883	75296
106.257	76744
106.602	78192
107.605	79640
107.933	81088
108.661	82536
108.833	83984
109.688	85432
109.840	86880
110.623	88328
110.910	89776
112.013	91224
112.691	92672
113.035	94120
113.779	95568
114.171	97016
114.550	98464
114.948	99912
115.641	101360
115.990	102808
116.555	104256
116.926	105704
117.579	107152
117.951	108600
118.634	110048
121.609	111496
121.946	112944
122.747	114392
124.652	115840
124.948	117288
125.705	118736
125.999	120184
126.675	121632
127.093	123080
127.310	124528
127.947	125976
128.167	127424
129.628	128872
129.890	130320
130.242	131768
130.487	133216
130.849	134664
131.120	136112
131.566	137560
131.929	139008
132.868	140456
133.181	141904
134.144	143352
134.515	144800
134.759	146248
135.139	147696
135.857	149144
136.163	150592
136.807	152040
137.185	153488
137.900	154936
138.279	156384
138.781	157832
139.058	159280
139.725	160728
140.114	162176
140.551	163624
140.917	165072
141.668	166520
142.634	167968
145.647	169416
145.962	170864
146.671	172312
147.058	173760
149.603	175208
150.600	176656
150.821	178104
151.720	179552
151.932	181000
152.829	182448
153.073	183896
153.826	185344
154.056	186792
154.761	188240
155.021	189688
155.768	191136
156.097	192584
156.529	194032
156.904	195480
159.332	196928
159.692	198376
159.861	199824
160.233	201272
160.736	202720
161.100	204168
161.701	205616
162.069	207064
162.716	208512
163.155	209960
163.840	211408
164.201	212856
164.829	214304
165.147	215752
165.536	217200
165.871	218648
166.775	220096
167.508	221544
168.514	222992
168.859	224440
169.480	225888
169.834	227336
170.502	228784
170.899	230232
171.494	231680
173.587	233128
173.791	234576
179.608	236024
180.504	237472
180.855	238920
181.510	240368
184.625	241816
185.605	243264
185.869	244712
186.682	246160
186.912	247608
187.540	249056
187.874	250504
188.571	251952
195.625	253400
195.819	254848
196.558	256296
196.803	257744
197.567	259192
197.814	260640
198.566	262088
198.802	263536
199.561	264984
199.803	266432
200.555	267880
200.794	269328
201.560	270776
201.797	272224
202.549	273672
202.827	275120
203.565	276568
203.809	278016
204.684	279464
204.841	280912
205.704	282360
205.853	283808
206.641	285256
206.845	286704
207.761	289600
208.547	291048
208.801	292496
209.519	293944
209.838	295392
210.610	296840
210.849	298288
211.585	299736
211.846	301184
212.576	302632
213.508	304080
213.858	305528
214.607	306976
214.923	308424
215.581	309872
217.613	311320
218.630	312768
222.657	314216
223.013	315664
223.828	317112
224.185	318560
226.584	320008
226.968	321456
227.584	322904
227.917	324352
228.566	325800
228.924	327248
229.551	328696
229.914	330144
230.540	331592
230.927	333040
231.567	334488
231.910	335936
232.527	337384
232.893	338832
233.516	340280
233.871	341728
234.527	343176
234.902	344624
236.581	346072
236.944	347520
237.589	348968
237.952	350416
238.471	350891
