17.492	0
54.509	511
54.515	619
54.680	1448
54.780	2896
55.273	4344
55.964	5792
56.891	7240
57.315	8688
58.012	10136
58.391	11584
59.464	13032
59.892	14480
74.495	15928
75.104	17376
75.952	20272
76.263	21720
76.781	23168
77.119	24616
77.785	26064
78.230	27512
86.113	28960
86.662	30408
87.226	31856
87.782	33304
88.241	34752
89.567	36200
90.361	37648
90.881	39096
91.251	40544
91.673	41992
92.237	43440
95.434	44888
96.306	46336
105.320	47784
107.198	49232
108.000	50680
109.116	52128
109.773	53576
110.240	55024
110.784	56472
111.286	57920
111.847	59368
113.969	60816
114.716	62264
115.245	63712
115.797	65160
116.187	66608
116.471	68056
116.793	69504
117.171	70952
118.118	72400
123.507	73848
123.738	75296
124.806	76744
125.057	78192
125.540	79640
125.827	81088
126.239	82536
129.495	83984
130.051	85432
131.135	86880
132.129	88328
133.264	89776
133.747	91224
134.351	92672
134.755	94120
135.707	95568
136.045	97016
136.369	98464
136.753	99912
137.059	101360
137.466	102808
137.831	104256
138.439	105704
138.937	107152
139.344	108600
139.806	110048
140.409	111496
140.882	112944
142.335	114392
142.608	115840
143.241	117288
143.998	118736
144.545	120184
144.888	121632
145.316	123080
146.586	124528
147.063	125976
147.542	127424
147.869	128872
148.587	130320
149.178	131768
149.615	133216
149.806	134664
150.415	136112
150.904	137560
156.820	139008
157.224	140456
158.033	141904
158.572	143352
159.255	144800
159.642	146248
160.611	147696
161.340	149144
161.776	150592
162.185	152040
162.732	153488
163.099	154936
163.499	156384
164.151	157832
164.698	159280
165.001	160728
165.561	162176
165.871	163624
166.485	165072
166.743	166520
167.251	167968
167.679	169416
169.501	170864
169.975	172312
170.506	173760
170.986	175208
172.425	176656
174.265	178104
174.766	179552
175.313	181000
176.345	182448
176.481	183896
177.541	185344
177.773	186792
178.576	188240
178.984	189688
180.818	191136
186.880	192584
187.602	194032
188.196	195480
188.906	196928
189.069	198376
189.979	199824
190.369	201272
190.841	202720
191.328	204168
191.977	205616
192.374	207064
193.027	208512
193.317	209960
193.755	211408
194.048	212856
194.433	214304
195.259	215752
195.648	217200
196.460	218648
197.032	220096
197.352	221544
197.803	222992
198.143	224440
198.911	225888
199.299	227336
199.866	228784
200.325	230232
201.858	231680
202.182	233128
202.615	234576
203.066	236024
203.722	237472
203.983	238920
204.412	240368
204.897	241816
205.367	243264
205.864	244712
207.070	246160
207.470	247608
208.076	249056
208.490	250504
209.328	251952
209.732	253400
210.107	254848
210.671	256296
211.218	257744
211.529	259192
212.262	260640
212.740	262088
213.281	263536
213.668	264984
214.022	266432
214.372	267880
214.943	269328
216.871	270776
217.241	272224
217.796	273672
218.358	275120
218.972	276568
220.140	278016
220.917	279464
221.688	280912
223.063	282360
223.436	283808
223.959	285256
224.289	286704
224.883	288152
225.148	289600
225.675	291048
225.977	292496
227.128	293944
228.308	295392
228.722	296840
229.132	298288
229.607	299736
230.043	301184
230.729	302632
231.955	304080
238.702	305528
241.634	306976
242.242	308424
242.858	309872
243.806	311320
244.136	312768
244.711	314216
245.035	315664
245.523	317112
246.003	318560
246.790	320008
247.266	321456
248.293	322904
248.898	324352
249.521	325800
249.987	327248
250.367	328696
250.790	330144
251.743	331592
252.107	333040
252.634	334488
253.128	335936
253.581	337384
253.859	338832
254.451	340280
254.888	341728
256.387	343176
256.703	344624
257.894	346072
258.249	347520
258.778	348968
259.445	350891
