17.237	0
72.672	511
72.680	619
72.854	2896
73.495	4344
73.784	5792
74.620	8198
79.587	11094
80.473	12542
80.762	13990
90.766	15438
91.021	16886
91.666	18334
92.017	19782
93.334	21230
93.736	22678
107.281	24126
108.317	25574
112.352	27022
112.703	28470
119.288	29918
120.017	31366
120.263	32814
120.604	34262
121.507	35710
121.823	37158
129.270	38606
132.384	40054
134.335	41502
134.761	42950
137.757	44398
138.085	45846
138.467	47294
138.804	48742
139.479	50190
139.902	51638
150.528	53086
154.524	54534
155.373	55982
155.701	57430
156.446	58878
156.760	60326
157.405	61774
157.745	63222
158.386	64670
158.742	66118
159.382	67566
159.740	69014
171.639	70462
172.435	71910
173.271	73358
174.420	74806
174.630	76254
175.414	77702
175.684	79150
176.413	80598
176.603	82046
177.405	83494
177.622	84942
178.406	86390
193.316	87838
193.717	89286
194.358	90734
194.742	92182
195.414	93630
195.724	95078
196.359	96526
197.392	97974
197.625	99422
198.394	100870
198.597	102318
199.386	103766
211.141	105214
211.431	106662
212.094	108110
212.442	109558
213.116	111006
213.460	112454
214.514	113902
214.795	115350
220.321	116798
221.342	118246
221.617	119694
222.327	121142
228.419	122590
228.758	124038
230.288	125486
231.334	126934
231.584	128382
232.328	129830
232.590	131278
233.316	132726
235.293	134174
235.602	135622
239.328	137070
239.685	138518
240.351	139966
240.731	141414
259.297	142862
259.665	144310
260.290	145758
260.687	147206
261.317	148654
261.682	150102
262.304	151550
262.652	152998
264.268	154446
264.605	155894
270.283	157342
270.676	158790
271.360	160238
271.731	161686
276.963	163134
277.299	164582
277.731	166030
278.053	167478
279.093	168926
279.466	170374
279.700	171822
280.090	173270
281.704	174718
282.001	176166
288.715	177614
289.417	179062
290.303	180510
290.677	181958
297.369	183406
297.657	184854
298.275	186302
298.668	187750
299.289	189198
299.684	190646
300.318	192094
300.706	193542
301.304	194990
301.708	196438
302.313	197886
302.717	199334
306.339	200782
306.731	202230
307.655	203678
307.991	205126
326.318	206574
327.316	208022
327.557	209470
328.313	210918
328.554	212366
329.323	213814
329.604	215262
330.344	216710
330.561	218158
330.998	219606
331.599	221054
331.921	222502
335.358	223950
335.622	225398
336.318	226846
336.691	228294
344.739	229742
345.108	231190
345.796	232638
346.182	234086
346.904	235534
347.287	236982
352.404	238430
353.351	239878
354.389	241326
354.624	242774
355.384	244222
355.620	245670
356.409	247118
356.602	248566
357.394	250014
357.608	251462
362.406	252910
362.691	254358
363.405	255806
363.644	257254
364.393	258702
364.633	260150
365.393	261598
365.636	263046
371.773	264494
372.067	265942
372.788	267390
373.100	268838
373.786	270286
374.029	271734
374.983	273182
375.222	274630
380.376	276078
381.341	277526
381.679	278974
382.412	280422
382.748	281870
383.365	283318
383.747	284766
384.361	286214
384.710	287662
385.270	289110
395.336	290558
395.599	292006
396.297	293454
396.555	294902
397.369	296350
397.596	297798
398.299	299246
398.581	300694
405.437	302142
405.565	303590
406.300	305038
406.553	306486
407.363	307934
407.590	309382
408.386	310830
408.655	312278
409.412	313726
409.679	315174
412.993	316622
413.311	318070
414.395	319518
414.655	320966
415.221	322414
415.488	323862
416.100	325310
416.363	326758
424.393	328206
426.359	329654
427.382	331102
427.656	332550
428.399	333998
428.659	335446
429.387	336894
429.654	338342
430.392	339790
430.695	341238
431.408	342686
431.675	344134
432.418	345582
432.686	347030
433.398	348478
433.700	349926
434.263	350891
