16.709	0
191.688	511
191.722	546
192.324	8738
192.478	16930
192.629	25122
192.724	33314
192.815	41506
192.972	49698
193.026	57890
193.116	66082
193.198	74274
193.285	82466
193.370	90658
193.448	92672
209.657	94120
210.109	95568
210.423	97016
211.197	98464
211.462	99912
212.034	101360
212.408	102808
213.071	104256
213.427	105704
214.649	107152
214.949	108600
215.250	110048
215.564	111496
216.237	112944
216.567	114392
217.162	115840
227.367	117288
227.629	118736
228.366	120184
228.608	121632
229.457	123080
229.662	124528
230.244	125976
230.556	127424
231.478	128872
231.771	130320
232.081	131768
232.389	133216
234.034	134664
242.860	136112
243.092	137560
243.942	139008
244.627	140456
244.898	141904
245.232	143352
245.539	144800
245.875	146248
246.162	147696
246.476	149144
246.793	150592
247.125	152040
247.420	153488
248.031	154936
248.286	156384
248.666	157832
248.994	159280
249.292	160728
251.297	162176
262.964	163624
263.249	165072
263.565	166520
264.578	167968
264.887	169416
265.202	170864
265.545	172312
265.827	173760
266.148	175208
266.448	176656
266.771	178104
267.043	179552
267.348	181000
267.940	182448
276.888	185344
277.173	186792
278.185	188240
278.475	189688
278.746	191136
279.126	192584
279.299	194032
280.270	195480
280.423	196928
280.883	198376
281.057	199824
281.532	201272
281.701	202720
282.191	204168
282.337	205616
282.768	207064
282.947	208512
284.052	209960
284.255	210285
