16.877	0
65.649	511
65.675	619
65.924	1448
66.389	2896
66.690	4344
67.031	5792
67.338	7240
67.652	8688
67.979	10136
68.278	11584
68.656	13032
68.959	14480
89.708	15928
89.963	17376
90.617	18824
90.849	20272
91.588	21720
91.829	23168
92.590	24616
93.032	26064
93.597	27512
93.841	28960
94.201	30408
94.547	31856
94.907	33304
95.852	34752
96.123	36200
96.702	37648
97.058	39096
97.600	40544
97.958	41992
98.545	43440
107.041	44888
107.298	46336
107.891	47784
108.143	49232
108.786	50680
109.022	52128
109.716	53576
110.040	55024
110.764	56472
111.070	57920
111.842	59368
112.145	60816
112.871	62264
113.199	63712
113.853	65160
114.136	66608
114.814	68056
115.153	69504
115.829	70952
116.215	72400
116.659	73848
116.972	75296
117.682	76744
117.990	78192
118.657	79640
119.022	81088
125.566	82536
126.077	83984
126.750	85432
127.100	86880
127.824	88328
128.218	89776
128.627	91224
128.958	92672
129.757	94120
130.010	95568
130.666	97016
130.954	98464
131.595	99912
131.961	101360
132.766	102808
133.111	104256
133.734	105704
134.100	107152
134.737	108600
135.107	110048
135.763	111496
136.203	112944
136.588	114392
136.931	115840
139.246	117288
139.620	118736
139.853	120184
140.260	121632
140.896	123080
141.267	124528
141.618	125976
141.959	127424
146.645	128872
147.647	130320
147.919	131768
149.688	133216
150.576	134664
150.955	136112
151.641	137560
152.040	139008
152.766	140456
153.133	141904
153.731	143352
154.100	144800
154.805	146248
155.204	147696
155.598	149144
156.028	150592
156.805	152040
157.182	153488
157.615	154936
157.955	156384
158.755	157832
159.079	159280
159.322	160728
159.706	162176
159.969	163624
160.663	165072
160.906	166520
161.812	167968
162.027	169416
162.708	170864
162.923	172312
163.668	173760
163.907	175208
164.639	176656
165.684	178104
165.948	179552
167.011	181000
167.352	182448
168.319	183896
168.683	185344
169.282	186792
169.592	188240
170.277	189688
170.632	191136
171.313	192584
171.595	194032
173.050	195480
173.206	196928
173.843	198376
174.068	199824
174.972	201272
175.259	202720
175.572	204168
175.887	205616
176.700	207064
177.053	208512
177.825	209960
178.157	211408
178.529	212856
178.884	214304
179.554	215752
179.919	217200
180.534	218648
180.889	220096
181.534	221544
181.996	222992
182.632	224440
182.993	225888
183.593	227336
183.958	228784
184.638	230232
185.000	231680
185.555	233128
185.915	234576
186.542	236024
186.885	237472
187.510	238920
187.864	240368
193.630	241816
193.920	243264
194.834	244712
195.144	246160
195.538	247608
195.913	249056
196.703	250504
197.033	251952
197.644	253400
197.965	254848
198.621	256296
198.975	257744
199.598	259192
199.956	260640
200.598	262088
201.003	263536
201.724	264984
201.975	266432
202.591	267880
202.950	269328
203.581	270776
203.935	272224
210.625	273672
210.969	275120
212.600	276568
212.916	278016
213.550	279464
213.907	280912
214.569	282360
214.920	283808
215.560	285256
215.922	286704
216.558	288152
216.924	289600
219.628	291048
220.632	292496
220.875	293944
221.635	295392
224.586	296840
224.956	298288
225.614	299736
225.930	301184
226.596	302632
226.989	304080
227.225	305528
227.606	306976
227.848	308424
228.767	309872
229.048	311320
229.684	312768
229.987	314216
230.683	315664
230.934	317112
231.591	318560
231.833	320008
232.590	321456
232.849	322904
233.611	324352
233.838	325800
234.616	327248
234.844	328696
235.577	330144
242.581	331592
242.943	333040
243.692	334488
244.056	335936
244.776	337384
245.056	338832
245.650	340280
245.977	341728
246.575	343176
246.930	344624
247.552	346072
247.909	347520
248.565	348968
248.926	350416
249.135	350891
