16.778	0
45.088	511
45.096	619
45.339	2896
45.519	4344
45.893	5792
46.169	7240
46.402	8198
47.182	9646
47.505	11094
48.094	12542
48.392	13990
64.473	15438
65.376	16886
65.687	19782
66.083	21230
66.398	22678
67.143	24126
67.507	25574
68.018	27022
68.353	28470
69.068	29918
69.397	31366
70.118	32814
70.421	34262
70.974	35710
71.270	37158
72.401	38606
72.646	40054
73.004	41502
73.278	42950
83.509	44398
84.663	45846
85.394	47294
86.452	48742
87.364	50190
88.345	51638
90.461	53086
90.722	54534
91.031	55982
91.353	57430
92.098	58878
92.395	60326
93.111	61774
99.468	63222
99.745	64670
100.039	66118
100.346	67566
101.343	69014
102.147	70462
102.311	71910
103.102	73358
103.252	74806
104.094	76254
104.335	77702
105.044	79150
105.305	80598
106.087	82046
106.381	83494
107.031	84942
107.453	86390
108.559	87838
108.926	89286
109.084	90734
109.496	92182
110.155	93630
111.055	95078
112.046	96526
112.404	97974
113.044	99422
113.387	100870
114.023	102318
114.381	103766
115.075	105214
115.379	106662
115.631	108110
117.425	109558
117.689	111006
118.048	112454
118.302	113902
119.067	115350
119.303	116798
120.066	118246
120.296	119694
121.054	121142
121.284	122590
122.090	124038
122.341	125486
123.027	126934
123.285	128382
124.004	129830
124.326	131278
125.224	132726
125.539	134174
126.348	135622
126.636	137070
127.373	138518
127.677	139966
128.040	141414
128.345	142862
129.123	144310
129.429	145758
130.055	147206
130.363	148654
131.035	150102
131.308	151550
132.068	152998
133.097	154446
133.324	155894
134.046	157342
134.317	158790
137.027	160238
137.984	161686
138.338	163134
139.024	164582
139.373	166030
149.024	167478
149.353	168926
150.062	170374
150.408	171822
151.150	173270
163.165	174718
164.084	176166
164.364	177614
165.248	179062
165.614	180510
172.965	181958
173.980	183406
174.255	184854
175.042	186302
175.259	187750
177.125	189198
177.232	190646
177.981	192094
178.232	193542
178.986	194990
179.966	196438
180.317	197886
180.960	199334
181.318	200782
181.929	202230
183.067	203678
183.952	205126
184.346	206574
184.950	208022
185.348	209470
186.042	210918
186.415	212366
186.975	213814
187.344	215262
188.019	216710
188.263	218158
188.895	219606
189.246	221054
189.896	222502
190.243	223950
190.891	225398
191.244	226846
191.522	228294
192.065	229742
192.314	231190
196.830	232638
197.018	234086
197.322	235534
197.942	236982
198.279	238430
198.937	239878
199.279	241326
201.866	242774
202.147	244222
202.490	245670
202.800	247118
203.109	248566
203.413	250014
204.037	251462
204.252	252910
205.011	254358
205.317	255806
206.104	257254
206.378	258702
206.994	260150
207.371	261598
208.772	263046
209.111	264494
209.354	265942
209.693	267390
209.962	268838
210.318	270286
210.574	271734
211.326	273182
211.559	274630
212.410	276078
212.655	277526
213.010	278974
213.281	280422
214.036	281870
214.299	283318
215.031	284766
215.312	286214
215.989	287662
216.237	289110
217.150	290558
217.403	292006
218.000	293454
218.244	294902
219.037	296350
219.336	297798
220.307	299246
220.545	300694
221.137	302142
221.383	303590
222.251	305038
222.541	306486
223.098	307934
223.380	309382
224.032	310830
224.282	312278
225.133	313726
225.405	315174
226.026	316622
226.257	318070
227.041	319518
227.236	320966
228.004	322414
228.216	323862
228.605	325310
231.587	326758
231.936	328206
232.189	329654
232.554	331102
233.151	332550
234.040	333998
235.014	335446
235.364	336894
235.983	338342
236.338	339790
236.992	341238
237.349	342686
237.978	344134
238.335	345582
239.005	347030
239.944	348478
240.931	349926
241.210	350891
