16.703	0
43.028	511
43.035	546
43.253	2896
43.431	4344
43.717	5792
44.075	7240
44.390	8688
44.705	10136
45.018	11584
45.345	13032
45.628	14480
63.870	15928
64.147	17376
65.582	18824
65.930	20272
66.759	21720
67.034	23168
67.347	24616
76.327	26064
76.620	27512
76.916	28960
77.222	30408
77.528	31856
77.851	33304
78.157	34752
78.483	36200
78.787	37648
79.115	39096
79.431	40544
79.768	41992
80.058	43440
81.709	44888
81.979	46336
82.252	47784
82.569	49232
83.083	50680
83.367	52128
92.877	53576
93.110	55024
97.942	56472
98.773	57920
99.016	59368
99.322	60816
99.636	62264
99.981	63712
100.264	65160
100.583	66608
101.283	68056
109.446	69504
109.814	70952
110.144	72400
110.441	73848
110.813	75296
111.599	76744
111.873	78192
112.219	79640
112.501	81088
112.791	82536
113.088	83984
113.377	85432
114.271	86880
115.914	88328
116.334	89776
117.494	91224
126.678	94120
126.982	95568
127.383	97016
127.568	98464
131.502	99912
131.697	101360
132.208	102808
133.010	104256
134.968	105704
143.531	108600
143.779	110048
144.756	111496
145.031	112944
145.226	114392
145.592	115840
145.872	117288
146.240	118736
147.250	120184
147.415	121632
147.913	123080
148.142	124528
149.344	125976
149.526	127424
149.943	128872
150.137	130320
151.588	131768
164.156	133216
164.434	134664
164.704	136112
165.003	137560
165.341	139008
165.609	140456
166.512	141904
166.846	143352
176.487	144800
176.740	146248
177.050	147696
177.424	149144
178.850	150592
179.139	152040
180.012	153488
180.270	154936
180.630	156384
180.889	157832
181.245	159280
181.583	160728
183.097	162176
183.283	163624
183.662	165072
183.934	166520
184.281	167968
184.678	169416
184.839	170864
193.039	173760
193.328	175208
193.754	176656
193.962	178104
194.329	179552
194.658	181000
194.896	182448
195.306	183896
195.529	185344
195.996	186792
196.188	188240
196.619	189688
196.797	191136
197.250	192584
197.467	194032
197.878	195480
198.111	196928
198.430	198376
198.750	199824
199.138	201272
199.890	202720
200.200	204168
200.513	205616
218.228	207064
227.050	210285
