16.992	0
97.357	511
97.380	619
98.020	2896
98.298	4344
98.499	5792
99.093	7240
99.402	8688
100.454	10136
100.798	11584
101.086	13032
101.389	14480
115.043	15928
115.284	17376
115.973	18824
116.131	20272
116.973	21720
117.134	23168
117.920	24616
118.072	26064
118.897	27512
119.881	28960
120.119	30408
120.907	31856
121.216	33304
121.874	34752
122.362	36200
122.514	37648
122.965	39096
123.178	40544
124.165	41992
124.274	43440
132.174	44888
132.372	46336
132.944	47784
133.259	49232
154.075	50680
389.872	58872
389.987	67064
390.029	75256
390.075	83448
390.121	91640
390.153	92672
407.169	94120
407.381	95568
432.948	97016
433.858	98464
434.110	99912
435.139	101360
449.929	102808
450.146	104256
451.561	105704
451.811	107152
452.128	108600
452.426	110048
452.785	111496
453.067	112944
467.402	114392
468.015	115840
468.342	117288
468.650	118736
470.206	120184
470.507	121632
471.032	123080
471.342	124528
471.940	125976
472.216	127424
472.933	128872
473.845	130320
474.168	131768
474.860	133216
475.126	134664
475.805	136112
485.676	137560
485.834	139008
486.211	140456
486.542	141904
486.814	143352
487.170	144800
487.924	146248
488.209	147696
488.875	149144
489.228	150592
489.963	152040
490.222	153488
490.898	154936
491.215	156384
492.769	157832
493.219	159280
493.922	160728
494.282	162176
494.852	163624
495.213	165072
504.076	166520
504.357	167968
504.808	169416
505.161	170864
505.951	172312
506.415	173760
506.821	175208
507.274	176656
507.964	178104
508.347	179552
508.843	181000
509.113	182448
509.862	183896
510.785	185344
511.043	186792
511.777	188240
512.000	189688
512.715	191136
513.023	192584
513.733	194032
514.679	195480
515.027	196928
527.790	198376
528.850	199824
529.146	201272
529.833	202720
530.112	204168
530.845	205616
531.112	207064
531.846	208512
532.147	209960
532.802	211408
556.231	212856
557.018	221048
557.052	229240
557.079	237432
557.103	245624
557.126	247608
557.404	249056
557.922	250504
558.263	251952
559.269	253400
566.064	254848
567.834	256296
569.903	257744
570.894	259192
571.121	260640
572.062	262088
572.916	263536
573.174	264984
573.997	266432
574.218	267880
574.972	269328
575.523	270776
575.961	272224
576.173	273672
576.880	275120
577.120	276568
577.900	278016
586.109	279464
586.436	280912
589.811	282360
590.235	283808
592.814	285256
593.054	286704
593.712	288152
594.069	289600
594.785	291048
595.226	292496
595.835	293944
596.222	295392
596.857	296840
597.179	298288
597.744	299736
598.104	301184
598.918	302632
599.248	304080
605.243	305528
605.570	306976
607.805	308424
608.112	309872
610.733	311320
611.823	312768
612.056	314216
612.802	315664
613.024	317112
613.786	318560
614.019	320008
614.773	321456
616.740	322904
617.801	324352
618.072	325800
618.766	327248
619.009	328696
619.722	330144
624.772	331592
625.755	333040
648.880	334488
649.165	341728
650.096	343176
650.392	350891
