17.962	0
258.618	511
258.642	619
258.992	2896
259.437	4344
259.979	5792
260.512	7240
261.032	8688
261.713	10136
262.061	11584
262.640	13032
262.983	14480
283.424	15928
284.320	17376
284.724	18824
285.251	20272
285.804	21720
286.375	23168
286.826	24616
287.209	26064
287.667	27512
288.373	28960
288.860	30408
289.255	31856
289.844	33304
290.233	34752
290.676	36200
291.305	37648
291.688	39096
292.269	40544
292.793	41992
294.972	43440
306.287	44888
307.186	46336
307.651	47784
308.229	49232
308.583	50680
309.294	52128
309.654	53576
310.746	55024
311.188	56472
311.555	57920
312.186	59368
312.721	60816
313.193	62264
313.493	63712
313.906	65160
314.422	66608
315.037	68056
315.569	69504
315.996	70952
316.319	72400
316.920	73848
317.307	75296
317.637	76744
318.342	78192
318.834	79640
325.223	81088
325.685	82536
326.230	83984
326.722	85432
327.358	86880
330.295	88328
331.246	89776
332.291	91224
333.269	92672
333.681	94120
334.278	95568
334.852	97016
335.661	98464
336.027	99912
336.682	101360
337.020	102808
337.648	104256
338.171	105704
338.542	107152
338.951	108600
345.284	110048
345.669	111496
346.354	112944
346.863	114392
347.226	115840
347.888	117288
349.312	118736
349.764	120184
350.400	121632
350.794	123080
353.265	124528
353.759	125976
354.282	127424
354.681	128872
355.467	130320
358.408	131768
358.737	133216
359.217	134664
359.807	136112
360.267	137560
360.865	139008
361.275	140456
362.367	141904
362.557	143352
363.184	144800
363.555	146248
363.966	147696
364.311	149144
364.837	150592
365.552	152040
376.334	153488
376.555	154936
377.327	156384
377.691	157832
378.293	159280
378.649	160728
379.306	162176
379.641	163624
380.334	165072
380.726	166520
384.249	167968
385.218	169416
385.566	170864
386.149	172312
387.153	173760
388.143	175208
388.641	176656
389.196	178104
389.641	179552
390.276	181000
392.152	182448
392.603	183896
393.213	185344
393.668	186792
394.285	188240
401.240	189688
401.472	191136
402.291	192584
402.648	194032
403.278	195480
410.173	196928
410.611	198376
411.157	199824
411.585	201272
412.190	202720
413.154	204168
414.122	205616
414.564	207064
415.162	208512
415.626	209960
420.159	211408
420.551	212856
421.167	214304
421.621	215752
422.225	217200
425.257	218648
425.594	220096
425.960	221544
426.933	222992
427.612	224440
427.837	225888
428.288	227336
428.598	228784
429.342	230232
429.679	231680
438.261	233128
439.205	234576
439.552	236024
440.192	237472
440.585	238920
441.202	240368
441.668	241816
442.300	243264
442.881	244712
443.210	246160
443.600	247608
444.377	249056
444.873	250504
445.219	251952
445.833	253400
446.214	254848
447.254	256296
447.543	257744
448.135	259192
448.474	260640
448.939	262088
449.392	263536
449.791	264984
450.561	266432
450.993	267880
457.195	269328
457.689	270776
458.270	272224
458.895	273672
459.314	275120
459.828	276568
460.438	278016
460.802	279464
461.690	280912
462.234	282360
462.640	283808
463.010	285256
463.866	286704
464.448	288152
465.031	289600
473.207	291048
475.275	292496
475.581	293944
476.235	295392
477.243	296840
477.627	298288
478.202	299736
478.634	301184
479.215	302632
479.714	304080
491.229	305528
491.696	306976
492.375	308424
492.819	309872
493.170	311320
493.588	312768
493.945	314216
494.326	315664
494.985	317112
495.404	318560
497.127	320008
497.560	321456
499.481	322904
499.917	324352
500.291	325800
500.706	327248
501.250	328696
501.887	330144
502.251	331592
502.614	333040
503.268	334488
503.743	335936
504.057	337384
504.660	338832
504.996	340280
507.271	341728
508.158	343176
508.661	344624
509.295	346072
509.830	347520
510.376	348968
510.860	350416
511.068	350891
