17.418	0
1107.837	511
1107.845	619
1108.022	2896
1108.133	4344
1108.554	5792
1108.856	7240
1109.154	8688
1109.488	10136
1109.808	11584
1110.060	13032
1110.488	14480
1138.087	15928
1139.025	21720
1139.175	23168
1139.932	24616
1140.292	26064
1141.123	27512
1141.389	28960
1142.103	30408
1142.451	31856
1142.976	33304
1143.276	34752
1144.322	36200
1144.600	37648
1144.940	39096
1145.212	40544
1145.985	41992
1146.238	43440
1155.850	44888
1164.175	46336
1164.905	47784
1165.242	49232
1166.084	50680
1166.409	52128
1166.867	53576
1167.176	55024
1167.880	56472
1168.232	57920
1168.804	59368
1175.902	60816
1176.902	62264
1180.951	63712
1181.091	65160
1181.505	66608
1181.958	68056
1182.286	69504
1182.983	70952
1183.247	72400
1185.951	73848
1186.072	75296
1190.891	76744
1191.129	78192
1191.844	79640
1192.108	81088
1195.842	82536
1196.791	83984
1197.146	85432
1197.407	86880
1197.893	88328
1198.112	89776
1199.156	91224
1199.336	92672
1200.030	94120
1200.237	95568
1200.931	97016
1201.204	98464
1201.854	99912
1202.084	101360
1206.922	102808
1207.096	104256
1210.949	105704
1211.131	107152
1216.862	108600
1217.748	110048
1218.095	111496
1218.727	112944
1219.080	114392
1219.726	115840
1220.080	117288
1220.728	118736
1221.082	120184
1221.731	121632
1222.046	123080
1222.758	124528
1223.083	125976
1223.717	127424
1224.082	128872
1224.711	130320
1232.914	131768
1233.814	133216
1234.108	134664
1234.843	136112
1235.181	137560
1235.952	139008
1238.791	140456
1239.732	141904
1240.041	143352
1240.756	144800
1241.067	146248
1242.043	147696
1242.375	149144
1242.802	150592
1243.102	152040
1243.805	153488
1244.131	154936
1244.860	156384
1249.825	157832
1250.077	159280
1250.822	160728
1251.062	162176
1253.853	163624
1254.126	165072
1254.822	166520
1255.084	167968
1259.822	169416
1260.033	170864
1260.796	172312
1261.060	173760
1261.799	175208
1262.064	176656
1262.800	178104
1263.054	179552
1263.803	181000
1264.057	182448
1267.851	183896
1268.080	185344
1268.864	186792
1269.118	188240
1269.874	189688
1270.122	191136
1274.806	192584
1275.113	194032
1278.836	196928
1281.849	198376
1282.921	199824
1283.146	201272
1283.769	202720
1286.830	204168
1287.920	205616
1288.117	207064
1288.465	208512
1289.902	209960
1290.160	211408
1290.825	212856
1291.117	214304
1291.732	215752
1292.088	217200
1295.778	218648
1296.121	220096
1296.752	221544
1297.109	222992
1302.769	224440
1303.084	225888
1303.722	227336
1304.081	228784
1360.910	236976
1361.059	245168
1361.100	253360
1361.169	261552
1361.215	269744
1361.269	277936
1361.316	286128
1361.415	294320
1361.460	298288
1361.758	299736
1362.115	301184
1362.876	302632
1363.240	304080
1369.829	305528
1372.935	306976
1374.860	308424
1375.890	309872
1377.884	311320
1378.860	312768
1379.066	314216
1379.863	315664
1380.102	317112
1382.095	318560
1382.337	320008
1382.897	321456
1383.185	322904
1383.883	324352
1384.068	325800
1384.843	327248
1385.800	328696
1386.148	330144
1388.812	331592
1389.879	333040
1394.860	334488
1395.202	335936
1395.847	337384
1396.223	338832
1396.859	340280
1397.238	341728
1398.034	343176
1398.374	344624
1399.350	346072
1399.653	347520
1399.960	348968
1400.393	350891
