19.072	0
1832.419	511
1832.427	619
1832.671	2896
1832.830	4344
1833.290	5792
1834.512	8688
1834.898	10136
1835.110	11584
1835.676	13032
1835.927	14480
1851.764	15928
1852.637	17376
1853.385	18824
1853.673	20272
1854.036	21720
1854.626	23168
1854.982	24616
1855.650	26064
1856.009	27512
1856.566	28960
1856.972	30408
1857.552	31856
1857.917	33304
1858.590	34752
1859.035	36200
1859.646	37648
1860.033	39096
1862.604	40544
1862.967	41992
1865.501	43440
1869.107	44888
1869.337	46336
1870.011	47784
1870.265	49232
1871.221	50680
1871.491	52128
1872.491	53576
1872.566	55024
1872.996	56472
1873.306	57920
1873.606	59368
1873.922	60816
1874.616	62264
1874.902	63712
1875.678	65160
1875.859	66608
1876.711	68056
1876.985	69504
1877.573	70952
1877.901	72400
1878.744	73848
1878.990	75296
1879.653	76744
1880.479	78192
1880.855	79640
1881.537	81088
1886.620	82536
1886.836	83984
1887.627	85432
1887.908	86880
1888.686	88328
1888.942	89776
1889.566	91224
1889.799	92672
1890.489	94120
1890.766	95568
1891.526	97016
1891.779	98464
1892.579	99912
1892.811	101360
1893.527	102808
1893.783	104256
1894.524	105704
1894.754	107152
1895.563	108600
1895.784	110048
1896.513	111496
1896.772	112944
1897.578	114392
1897.898	115840
1898.554	117288
1898.831	118736
1899.561	120184
1899.835	121632
1900.567	123080
1900.846	124528
1902.038	125976
1902.228	127424
1902.583	128872
1902.849	130320
1903.580	131768
1903.879	133216
1904.679	134664
1904.902	136112
1905.540	137560
1905.804	139008
1906.531	140456
1906.801	141904
1907.587	143352
1907.839	144800
1908.532	146248
1908.814	147696
1909.548	149144
1909.881	150592
1910.180	152040
1910.645	153488
1910.918	154936
1911.663	156384
1912.001	157832
1912.568	159280
1915.636	160728
1916.665	162176
1916.887	163624
1917.652	165072
1917.940	166520
1918.791	167968
1919.105	169416
1919.590	170864
1919.880	172312
1920.729	173760
1921.020	175208
1921.687	176656
1922.027	178104
1923.381	179552
1923.780	181000
1924.023	182448
1924.416	183896
1924.606	185344
1925.008	186792
1925.552	188240
1925.905	189688
1926.807	191136
1927.160	192584
1927.415	194032
1927.787	195480
1928.082	196928
1928.692	198376
1928.989	199824
1929.585	201272
1929.883	202720
1930.858	204168
1931.144	205616
1931.771	207064
1932.014	208512
1932.821	209960
1933.066	211408
1933.637	212856
1933.866	214304
1934.508	215752
1934.771	217200
1935.522	218648
1936.463	220096
1936.818	221544
1937.510	222992
1937.851	224440
1938.506	225888
1938.889	227336
1939.514	228784
1940.705	230232
1940.845	231680
1941.677	233128
1941.827	234576
1942.676	236024
1942.789	237472
1943.574	238920
1943.839	240368
1944.177	241816
1944.730	243264
1945.082	244712
1945.522	246160
1945.887	247608
1946.565	249056
1946.885	250504
1947.755	251952
1948.110	253400
1948.535	254848
1948.881	256296
1949.491	257744
1949.838	259192
1950.645	260640
1950.896	262088
1951.515	263536
1951.870	264984
1952.487	266432
1953.691	267880
1953.753	269328
1954.517	270776
1954.757	272224
1955.498	273672
1955.772	275120
1960.648	276568
1960.941	278016
1961.513	279464
1961.854	280912
1964.446	282360
1964.781	283808
1965.169	285256
1965.517	286704
1969.546	288152
1969.891	289600
1970.521	291048
1970.897	292496
1971.591	293944
1971.901	295392
1972.530	296840
1972.922	298288
1973.526	299736
1973.881	301184
1974.522	302632
1974.878	304080
1977.576	305528
1978.525	306976
1980.604	308424
1980.888	309872
1981.486	311320
1981.902	312768
1982.526	314216
1982.840	315664
1983.496	317112
1983.873	318560
1984.529	320008
1984.934	321456
1985.576	322904
1985.865	324352
1986.565	325800
1986.884	327248
1987.516	328696
1987.926	330144
1988.551	331592
1988.900	333040
1989.518	334488
1989.870	335936
1990.542	337384
1990.860	338832
1991.134	340280
1991.773	341728
1992.038	343176
1992.762	344624
1993.029	346072
1993.673	347520
1994.004	348968
1994.693	350416
1994.832	350891
