16.707	0
42.712	511
42.724	546
42.904	2896
43.073	4344
43.333	5792
43.666	7240
43.898	8299
44.216	9747
44.575	11195
44.867	12643
45.176	14091
62.089	15539
62.324	16987
63.316	18435
63.611	19883
63.915	21331
64.256	22779
64.571	24227
64.861	25675
65.241	27123
65.543	28571
66.699	30019
66.975	31467
82.373	32915
82.684	34363
83.008	35811
83.312	37259
83.668	38707
84.350	40155
92.647	41603
92.864	43051
96.151	44499
96.413	45947
97.662	47395
99.132	48843
99.415	50291
101.134	51739
109.050	53187
109.369	54635
110.198	56083
110.526	57531
111.318	58979
111.606	60427
111.943	61875
112.266	63323
112.550	64771
112.910	66219
113.179	67667
113.512	69115
113.844	70563
114.118	72011
114.681	73459
114.985	74907
115.292	76355
115.661	77803
115.948	79251
116.245	80699
116.529	82147
126.403	83595
126.664	85043
127.002	86491
127.331	87939
127.605	89387
127.957	90835
128.238	92283
128.576	93731
128.901	95179
129.183	96627
129.636	98075
129.874	99523
130.187	100971
142.412	102419
142.740	103867
143.019	105315
143.349	106763
143.681	108211
145.277	109659
145.640	111107
145.877	112555
146.226	114003
146.549	115451
146.831	116899
147.122	118347
147.442	119795
147.740	121243
148.086	122691
148.412	124139
148.718	125587
149.005	127035
149.340	128483
149.631	129931
149.969	131379
150.257	132827
162.851	134275
163.162	135723
163.473	137171
163.786	138619
164.100	140067
164.438	141515
164.728	142963
165.047	144411
165.356	145859
165.647	147307
166.010	148755
166.327	150203
166.707	151651
167.055	153099
176.889	154547
176.978	155995
177.473	157443
177.650	158891
178.137	160339
178.296	161787
178.706	163235
178.903	164683
179.332	166131
180.213	167579
180.479	169027
180.814	170475
181.189	171923
181.419	173371
181.790	174819
181.987	176267
182.438	177715
183.813	179163
193.181	182059
193.511	183507
193.898	184955
194.125	186403
194.495	187851
194.819	189299
195.036	190747
195.468	192195
195.655	193643
197.281	195091
197.451	196539
198.282	197987
198.490	199435
199.333	200883
199.508	202331
200.400	203779
201.264	205227
209.222	206675
209.507	208123
209.702	209571
209.920	210285
