16.546	0
204.034	511
204.042	619
204.221	2896
204.814	4344
205.035	5792
205.854	7240
206.171	8688
206.732	10136
207.079	11584
207.752	13032
208.133	14480
221.969	15928
222.214	20272
223.040	21720
223.141	23168
223.858	24616
224.076	26064
225.276	27512
225.496	28960
225.885	30408
226.153	31856
226.849	33304
227.069	34752
227.759	36200
227.993	37648
228.662	39096
229.012	40544
229.755	41992
230.818	43440
239.663	44888
241.409	46336
241.672	47784
241.975	49232
243.012	50680
243.964	52128
244.812	53576
245.981	55024
246.258	56472
251.689	57920
252.629	59368
252.929	60816
253.781	62264
254.063	63712
257.800	65160
258.136	66608
258.771	68056
259.118	69504
259.816	70952
260.123	72400
260.804	73848
261.166	75296
261.769	76744
262.127	78192
262.826	79640
263.186	81088
263.644	82536
263.936	83984
264.822	85432
265.202	86880
266.624	88328
266.980	89776
267.661	91224
267.985	92672
268.923	94120
269.285	95568
269.627	97016
269.987	98464
270.837	99912
271.152	101360
271.820	102808
272.204	104256
273.647	105704
274.061	107152
275.724	108600
276.730	110048
276.980	111496
277.678	112944
277.970	114392
278.737	115840
278.947	117288
279.376	118736
279.776	120184
280.053	121632
282.775	123080
283.798	124528
284.760	125976
284.955	127424
286.691	128872
286.977	130320
287.800	131768
288.786	133216
290.771	134664
291.739	136112
293.807	137560
294.001	139008
294.813	140456
295.022	141904
295.736	143352
295.942	144800
296.745	146248
296.963	147696
297.363	149144
298.209	150592
298.888	152040
299.083	153488
299.788	154936
299.995	156384
300.758	157832
300.953	159280
301.744	160728
301.950	162176
302.734	163624
302.971	165072
305.071	166520
305.585	167968
305.948	169416
306.212	170864
306.554	172312
306.875	173760
307.199	175208
307.453	176656
308.878	178104
309.602	179552
309.988	181000
310.807	182448
311.099	183896
311.869	185344
313.789	186792
313.978	188240
314.290	189688
314.889	191136
315.805	192584
316.677	194032
317.038	195480
317.688	196928
318.784	198376
319.657	199824
320.095	201272
320.696	202720
321.106	204168
321.696	205616
322.052	207064
323.858	211408
324.780	212856
325.697	214304
326.106	215752
326.734	217200
327.041	218648
327.683	220096
327.976	221544
328.975	222992
329.238	224440
329.737	225888
333.710	227336
334.646	228784
334.940	230232
335.708	231680
336.038	233128
336.652	234576
337.013	236024
337.692	237472
339.173	241816
340.120	243264
340.489	244712
340.712	246160
342.759	247608
343.708	249056
343.993	250504
344.637	251952
344.982	253400
345.610	254848
345.939	256296
346.631	257744
346.939	259192
347.571	260640
348.651	262088
348.922	263536
349.846	264984
350.079	266432
351.750	267880
351.895	269328
352.611	270776
352.867	272224
353.614	273672
354.771	275120
355.662	276568
355.897	278016
357.636	279464
358.602	280912
360.813	282360
360.965	283808
361.652	285256
362.631	286704
362.946	288152
363.582	289600
371.731	291048
371.900	292496
373.449	295392
373.584	296840
373.965	298288
374.713	299736
375.020	301184
376.174	302632
376.531	304080
383.813	309872
383.930	311320
384.226	312768
384.750	314216
385.146	315664
385.601	317112
385.960	318560
386.713	320008
388.471	324352
388.596	325800
388.956	327248
389.680	328696
390.066	330144
390.627	331592
391.017	333040
391.662	334488
392.060	335936
392.617	337384
392.955	338832
395.655	340280
396.668	341728
396.905	343176
397.666	344624
397.902	346072
398.661	347520
398.901	348968
399.706	350416
399.764	350891
